const width = 28 // squares
const grid = document.querySelector('.grid ')
const scoreDisplay = document.querySelector('#score') // or we can use .getElementById('id') and directly pass the ID without any # or.
let squares = []

// 28 squares horizontal by 28 squares vertical makes 784 squares total
// 0 - pac-dots
// 1 - wall
// 2 - ghost-lair
// 3 - power-pellet
// 4 - empty

const layout = [
   1,1,1,1,1,1,1,1,1,1,1,1,1,1,1,1,1,1,1,1,1,1,1,1,1,1,1,1,
    1,0,0,0,0,0,0,0,0,0,0,0,0,1,1,0,0,0,0,0,0,0,0,0,0,0,0,1,
    1,0,1,1,1,1,0,1,1,1,1,1,0,1,1,0,1,1,1,1,1,0,1,1,1,1,0,1,
    1,3,1,1,1,1,0,1,1,1,1,1,0,1,1,0,1,1,1,1,1,0,1,1,1,1,3,1,
    1,0,1,1,1,1,0,1,1,1,1,1,0,1,1,0,1,1,1,1,1,0,1,1,1,1,0,1,
    1,0,0,0,0,0,0,0,0,0,0,0,0,0,0,0,0,0,0,0,0,0,0,0,0,0,0,1,
    1,0,1,1,1,1,0,1,1,1,1,1,1,1,1,1,1,1,1,1,1,0,1,1,1,1,0,1,
    1,0,1,1,1,1,0,1,1,1,1,1,1,1,1,1,1,1,1,1,1,0,1,1,1,1,0,1,
    1,0,0,0,0,0,0,0,0,0,0,0,0,1,1,0,0,0,0,0,0,0,0,0,0,0,0,1,
    1,1,1,1,1,1,0,1,1,1,1,1,0,1,1,0,1,1,1,1,1,0,1,1,1,1,1,1,
    1,1,1,1,1,1,0,1,1,4,4,4,4,4,4,4,4,4,4,1,1,0,1,1,1,1,1,1,
    1,1,1,1,1,1,0,1,1,4,1,1,1,2,2,1,1,1,4,1,1,0,1,1,1,1,1,1,
    1,1,1,1,1,1,0,1,1,4,1,2,2,2,2,2,2,1,4,1,1,0,1,1,1,1,1,1,
    4,4,4,4,4,4,0,0,0,4,1,2,2,2,2,2,2,1,4,0,0,0,4,4,4,4,4,4,
    1,1,1,1,1,1,0,1,1,4,1,2,2,2,2,2,2,1,4,1,1,0,1,1,1,1,1,1,
    1,1,1,1,1,1,0,1,1,4,1,1,1,1,1,1,1,1,4,1,1,0,1,1,1,1,1,1,
    1,1,1,1,1,1,0,1,1,4,1,1,1,1,1,1,1,1,4,1,1,0,1,1,1,1,1,1,
    1,0,0,0,0,0,0,0,0,4,4,4,4,4,4,4,4,4,4,0,0,0,0,0,0,0,0,1,
    1,0,1,1,1,1,0,1,1,1,1,1,0,1,1,0,1,1,1,1,1,0,1,1,1,1,0,1,
    1,0,1,1,1,1,0,1,1,1,1,1,0,1,1,0,1,1,1,1,1,0,1,1,1,1,0,1,
    1,3,0,0,1,1,0,0,0,0,0,0,0,0,0,0,0,0,0,0,0,0,1,1,0,0,3,1,
    1,1,1,0,1,1,0,1,1,0,1,1,1,1,1,1,1,1,0,1,1,0,1,1,0,1,1,1,
    1,1,1,0,1,1,0,1,1,0,1,1,1,1,1,1,1,1,0,1,1,0,1,1,0,1,1,1,
    1,0,0,0,0,0,0,1,1,0,0,0,0,1,1,0,0,0,0,1,1,0,0,0,0,0,0,1,
    1,0,1,1,1,1,1,1,1,1,1,1,0,1,1,0,1,1,1,1,1,1,1,1,1,1,0,1,
    1,0,1,1,1,1,1,1,1,1,1,1,0,1,1,0,1,1,1,1,1,1,1,1,1,1,0,1,
    1,0,0,0,0,0,0,0,0,0,0,0,0,0,0,0,0,0,0,0,0,0,0,0,0,0,0,1,
    1,1,1,1,1,1,1,1,1,1,1,1,1,1,1,1,1,1,1,1,1,1,1,1,1,1,1,1 

]

// we will create the grid by using a for loop 

function createBoard(){
// loop through the layout, so as long as i is smaller than the length of the layout increment by one
  for(let i=0; i<layout.length; i++){
  // create the squares
    const square = document.createElement('div') // I am creating div
 // now put the squares in the grid
    grid.appendChild(square)
 // put square in squares array, which is empty
  squares.push(square) // remember push is to add stuff at th ebeginning of an array
 }
}


 
